









10735617
10735618
10735619
10735620
10735621
10735622
10735623
10735624
10735625
10735626
10735654
10735655
10735656
10735657
10735658
10735659
10735660
10735661
10735662
10735663
10735800
10735801
10735802
10735803
10735804
10735805
10735806
10735807
10735808
10735809





13675978
13675979
13675980
13675981
13675982



13676023
13676024
13676025
13676026
13676027
13676028
13676029

13676067
13676068
13676069
13676070
13676071
13676072
13676073
13676074
13676604
13676605
13676606
13676607
13676608
13676609
13676610
13676779
13676780
13676781
13676782
13676783
13676784
13676785
13680772
13680773
13680774
13680775
13680776
13680777
13680778
13681280
13681281
13681282
13681283
13681284
13681286
13681287
13681966
13681967
13681968
13681969
13681970
13681971
13681972
13683090
13683091
13683092
13683093
13683094
13683095
13683096
13684096
13684097
13684098
13684099
13684100
13684101
13684102
